
     Program PHONON v.6.3 starts on 18Mar2019 at  8:58:27 

     This program is part of the open-source Quantum ESPRESSO suite
     for quantum simulation of materials; please cite
         "P. Giannozzi et al., J. Phys.:Condens. Matter 21 395502 (2009);
         "P. Giannozzi et al., J. Phys.:Condens. Matter 29 465901 (2017);
          URL http://www.quantum-espresso.org", 
     in publications or presentations arising from this work. More details at
     http://www.quantum-espresso.org/quote

     Parallel version (MPI & OpenMP), running on     512 processor cores
     Number of MPI processes:               512
     Threads/MPI process:                     1

     MPI processes distributed on     8 nodes
     K-points division:     npool     =      32
     R & G space division:  proc/nbgrp/npool/nimage =      16

     Reading data from directory:
     ./sto.save/

     IMPORTANT: XC functional enforced from input :
     Exchange-correlation      = PZ ( 1  1  0  0 0 0)
     Any further DFT definition will be discarded
     Please, verify this is what you really want

 
     Parallelization info
     --------------------
     sticks:   dense  smooth     PW     G-vecs:    dense   smooth      PW
     Min         208     208     55                 9176     9176    1281
     Max         209     209     56                 9179     9179    1286
     Sum        3341    3341    885               146849   146849   20519
 
        1 /   1 q-points for this run, from  1 to  1:
       N       xq(1)         xq(2)         xq(3) 
       1   0.000000000   0.000000000   0.000000000
 

     Calculation of q =    0.0000000   0.0000000   0.0000000

     Modes are read from file 

     phonons of Phosphorene                                                     

     bravais-lattice index     =            0
     lattice parameter (alat)  =      14.4937  a.u.
     unit-cell volume          =    3074.8188 (a.u.)^3
     number of atoms/cell      =           40
     number of atomic types    =            3
     kinetic-energy cut-off    =      50.0000  Ry
     charge density cut-off    =     200.0000  Ry
     convergence threshold     =      1.0E-16
     beta                      =       0.7000
     number of iterations used =            4
     Exchange-correlation      = PZ ( 1  1  0  0 0 0)


     celldm(1)=   28.98741  celldm(2)=***********  celldm(3)=    0.50495
     celldm(4)=    0.00000  celldm(5)=   -0.00004  celldm(6)=    0.00000

     crystal axes: (cart. coord. in units of alat)
               a(1) = (  1.0000 -0.0000 -0.0000 )  
               a(2) = ( -0.0000  1.0000 -0.0000 )  
               a(3) = ( -0.0000 -0.0000  1.0099 )  

     reciprocal axes: (cart. coord. in units 2 pi/alat)
               b(1) = (  1.0000  0.0000  0.0000 )  
               b(2) = (  0.0000  1.0000  0.0000 )  
               b(3) = (  0.0000  0.0000  0.9902 )  


     Atoms inside the unit cell: 

     Cartesian axes

     site n.  atom      mass           positions (alat units)
        1     Sr  87.6200   tau(    1) = (    0.50399    0.00396    0.00410  )
        2     Sr  87.6200   tau(    2) = (    0.00394    0.50397    0.50905  )
        3     Sr  87.6200   tau(    3) = (    0.00399    0.50396    0.00410  )
        4     Sr  87.6200   tau(    4) = (    0.50394    0.00397    0.50905  )
        5     Sr  87.6200   tau(    5) = (    0.50396    0.50399    0.00409  )
        6     Sr  87.6200   tau(    6) = (    0.00397    0.00394    0.50907  )
        7     Sr  87.6200   tau(    7) = (    0.00396    0.00399    0.00411  )
        8     Sr  87.6200   tau(    8) = (    0.50397    0.50394    0.50904  )
        9     Ti  47.8600   tau(    9) = (    0.75391    0.75393    0.76156  )
       10     Ti  47.8600   tau(   10) = (    0.75395    0.75393    0.25661  )
       11     Ti  47.8600   tau(   11) = (    0.75393    0.25395    0.25662  )
       12     Ti  47.8600   tau(   12) = (    0.75393    0.25391    0.76157  )
       13     Ti  47.8600   tau(   13) = (    0.25391    0.25393    0.76159  )
       14     Ti  47.8600   tau(   14) = (    0.25395    0.25393    0.25664  )
       15     Ti  47.8600   tau(   15) = (    0.25393    0.75395    0.25662  )
       16     Ti  47.8600   tau(   16) = (    0.25393    0.75391    0.76158  )
       17     O   15.9900   tau(   17) = (    0.72348    0.00401    0.25661  )
       18     O   15.9900   tau(   18) = (    0.78457    0.50401    0.25622  )
       19     O   15.9900   tau(   19) = (    0.50401    0.72348    0.25660  )
       20     O   15.9900   tau(   20) = (    0.00401    0.78457    0.25623  )
       21     O   15.9900   tau(   21) = (    0.50399    0.78455    0.76117  )
       22     O   15.9900   tau(   22) = (    0.00399    0.72346    0.76156  )
       23     O   15.9900   tau(   23) = (    0.78455    0.00399    0.76118  )
       24     O   15.9900   tau(   24) = (    0.72346    0.50399    0.76155  )
       25     O   15.9900   tau(   25) = (    0.50399    0.22346    0.76156  )
       26     O   15.9900   tau(   26) = (    0.00399    0.28455    0.76120  )
       27     O   15.9900   tau(   27) = (    0.50401    0.28457    0.25623  )
       28     O   15.9900   tau(   28) = (    0.00401    0.22348    0.25662  )
       29     O   15.9900   tau(   29) = (    0.22348    0.50401    0.25661  )
       30     O   15.9900   tau(   30) = (    0.28457    0.00401    0.25624  )
       31     O   15.9900   tau(   31) = (    0.28455    0.50399    0.76118  )
       32     O   15.9900   tau(   32) = (    0.22346    0.00399    0.76158  )
       33     O   15.9900   tau(   33) = (    0.75382    0.75423    0.00394  )
       34     O   15.9900   tau(   34) = (    0.75421    0.75380    0.50890  )
       35     O   15.9900   tau(   35) = (    0.75381    0.25421    0.50891  )
       36     O   15.9900   tau(   36) = (    0.75423    0.25382    0.00396  )
       37     O   15.9900   tau(   37) = (    0.25382    0.25423    0.00397  )
       38     O   15.9900   tau(   38) = (    0.25421    0.25380    0.50892  )
       39     O   15.9900   tau(   39) = (    0.25380    0.75421    0.50891  )
       40     O   15.9900   tau(   40) = (    0.25423    0.75382    0.00396  )

     Computing dynamical matrix for 
                    q = (   0.0000000   0.0000000   0.0000000 )
 
      2 Sym.Ops. (with q -> -q+G )


     G cutoff = 1064.2143  (   9178 G-vectors)     FFT grid: ( 72, 72, 72)
     number of k points=    32

     PseudoPot. # 1 for Sr read from file:
     ./norm/sr_srl_lda.upf
     MD5 check sum: d69c13f9a890097932991d246fec5798
     Pseudo is Norm-conserving, Zval = 10.0
     Generated by new atomic code, or converted to UPF format
     Using radial grid of 1170 points,  3 beta functions with: 
                l(1) =   0
                l(2) =   1
                l(3) =   2

     PseudoPot. # 2 for Ti read from file:
     ./norm/ti_srl_lda.upf
     MD5 check sum: 490284f24a9218b6ef7498554e542f4d
     Pseudo is Norm-conserving, Zval = 12.0
     Generated by new atomic code, or converted to UPF format
     Using radial grid of 1156 points,  3 beta functions with: 
                l(1) =   0
                l(2) =   1
                l(3) =   2

     PseudoPot. # 3 for O  read from file:
     ./norm/o_srl_lda.upf
     MD5 check sum: ae6ad2a925f69b21c27fc7471525ac1c
     Pseudo is Norm-conserving, Zval =  6.0
     Generated by new atomic code, or converted to UPF format
     Using radial grid of 1130 points,  1 beta functions with: 
                l(1) =   1

     Mode symmetry, C_1 (1)     point group:


     Electric field:
     Dielectric constant
     Born effective charges in two ways 
     Raman tensor


     Atomic displacements:
     There are 120 irreducible representations

     Representation     1      1 modes -A  Done

     Representation     2      1 modes -A  Done

     Representation     3      1 modes -A  Done

     Representation     4      1 modes -A  Done

     Representation     5      1 modes -A  Done

     Representation     6      1 modes -A  Done

     Representation     7      1 modes -A  Done

     Representation     8      1 modes -A  Done

     Representation     9      1 modes -A  Done

     Representation    10      1 modes -A  Done

     Representation    11      1 modes -A  Done

     Representation    12      1 modes -A  Done

     Representation    13      1 modes -A  Done

     Representation    14      1 modes -A  Done

     Representation    15      1 modes -A  Done

     Representation    16      1 modes -A  Done

     Representation    17      1 modes -A  Done

     Representation    18      1 modes -A  Done

     Representation    19      1 modes -A  Done

     Representation    20      1 modes -A  Done

     Representation    21      1 modes -A  Done

     Representation    22      1 modes -A  Done

     Representation    23      1 modes -A  Done

     Representation    24      1 modes -A  Done

     Representation    25      1 modes -A  Done

     Representation    26      1 modes -A  Done

     Representation    27      1 modes -A  Done

     Representation    28      1 modes -A  Done

     Representation    29      1 modes -A  Done

     Representation    30      1 modes -A  Done

     Representation    31      1 modes -A  Done

     Representation    32      1 modes -A  Done

     Representation    33      1 modes -A  Done

     Representation    34      1 modes -A  Done

     Representation    35      1 modes -A  Done

     Representation    36      1 modes -A  Done

     Representation    37      1 modes -A  Done

     Representation    38      1 modes -A  To be done

     Representation    39      1 modes -A  To be done

     Representation    40      1 modes -A  To be done

     Representation    41      1 modes -A  To be done

     Representation    42      1 modes -A  To be done

     Representation    43      1 modes -A  To be done

     Representation    44      1 modes -A  To be done

     Representation    45      1 modes -A  To be done

     Representation    46      1 modes -A  To be done

     Representation    47      1 modes -A  To be done

     Representation    48      1 modes -A  To be done

     Representation    49      1 modes -A  To be done

     Representation    50      1 modes -A  To be done

     Representation    51      1 modes -A  To be done

     Representation    52      1 modes -A  To be done

     Representation    53      1 modes -A  To be done

     Representation    54      1 modes -A  To be done

     Representation    55      1 modes -A  To be done

     Representation    56      1 modes -A  To be done

     Representation    57      1 modes -A  To be done

     Representation    58      1 modes -A  To be done

     Representation    59      1 modes -A  To be done

     Representation    60      1 modes -A  To be done

     Representation    61      1 modes -A  To be done

     Representation    62      1 modes -A  To be done

     Representation    63      1 modes -A  To be done

     Representation    64      1 modes -A  To be done

     Representation    65      1 modes -A  To be done

     Representation    66      1 modes -A  To be done

     Representation    67      1 modes -A  To be done

     Representation    68      1 modes -A  To be done

     Representation    69      1 modes -A  To be done

     Representation    70      1 modes -A  To be done

     Representation    71      1 modes -A  To be done

     Representation    72      1 modes -A  To be done

     Representation    73      1 modes -A  To be done

     Representation    74      1 modes -A  To be done

     Representation    75      1 modes -A  To be done

     Representation    76      1 modes -A  To be done

     Representation    77      1 modes -A  To be done

     Representation    78      1 modes -A  To be done

     Representation    79      1 modes -A  To be done

     Representation    80      1 modes -A  To be done

     Representation    81      1 modes -A  To be done

     Representation    82      1 modes -A  To be done

     Representation    83      1 modes -A  To be done

     Representation    84      1 modes -A  To be done

     Representation    85      1 modes -A  To be done

     Representation    86      1 modes -A  To be done

     Representation    87      1 modes -A  To be done

     Representation    88      1 modes -A  To be done

     Representation    89      1 modes -A  To be done

     Representation    90      1 modes -A  To be done

     Representation    91      1 modes -A  To be done

     Representation    92      1 modes -A  To be done

     Representation    93      1 modes -A  To be done

     Representation    94      1 modes -A  To be done

     Representation    95      1 modes -A  To be done

     Representation    96      1 modes -A  To be done

     Representation    97      1 modes -A  To be done

     Representation    98      1 modes -A  To be done

     Representation    99      1 modes -A  To be done

     Representation   100      1 modes -A  To be done

     Representation   101      1 modes -A  To be done

     Representation   102      1 modes -A  To be done

     Representation   103      1 modes -A  To be done

     Representation   104      1 modes -A  To be done

     Representation   105      1 modes -A  To be done

     Representation   106      1 modes -A  To be done

     Representation   107      1 modes -A  To be done

     Representation   108      1 modes -A  To be done

     Representation   109      1 modes -A  To be done

     Representation   110      1 modes -A  To be done

     Representation   111      1 modes -A  To be done

     Representation   112      1 modes -A  To be done

     Representation   113      1 modes -A  To be done

     Representation   114      1 modes -A  To be done

     Representation   115      1 modes -A  To be done

     Representation   116      1 modes -A  To be done

     Representation   117      1 modes -A  To be done

     Representation   118      1 modes -A  To be done

     Representation   119      1 modes -A  To be done

     Representation   120      1 modes -A  To be done


     PHONON       :     24.67s CPU   1m 6.80s WALL


          Dielectric constant in cartesian axis 

          (       6.354663754       0.000010935      -0.000264296 )
          (       0.000010935       6.354566587      -0.000251821 )
          (      -0.000264296      -0.000251821       6.402733268 )

          Effective charges (d Force / dE) in cartesian axis

           atom      1   Sr 
      Ex  (        2.49787        0.00000       -0.00089 )
      Ey  (       -0.00001        2.49733        0.00035 )
      Ez  (       -0.00032       -0.00022        2.59635 )
           atom      2   Sr 
      Ex  (        2.49733       -0.00001        0.00036 )
      Ey  (        0.00000        2.49787       -0.00088 )
      Ez  (       -0.00023       -0.00033        2.59635 )
           atom      3   Sr 
      Ex  (        2.49787       -0.00000       -0.00089 )
      Ey  (       -0.00001        2.49733        0.00035 )
      Ez  (       -0.00033       -0.00023        2.59635 )
           atom      4   Sr 
      Ex  (        2.49733       -0.00001        0.00036 )
      Ey  (       -0.00000        2.49787       -0.00088 )
      Ez  (       -0.00022       -0.00032        2.59635 )
           atom      5   Sr 
      Ex  (        2.49733       -0.00001        0.00036 )
      Ey  (        0.00000        2.49787       -0.00088 )
      Ez  (       -0.00022       -0.00033        2.59635 )
           atom      6   Sr 
      Ex  (        2.49787        0.00000       -0.00089 )
      Ey  (       -0.00001        2.49733        0.00035 )
      Ez  (       -0.00033       -0.00022        2.59635 )
           atom      7   Sr 
      Ex  (        2.49733       -0.00001        0.00036 )
      Ey  (       -0.00000        2.49787       -0.00088 )
      Ez  (       -0.00023       -0.00032        2.59635 )
           atom      8   Sr 
      Ex  (        2.49787       -0.00000       -0.00089 )
      Ey  (       -0.00001        2.49733        0.00035 )
      Ez  (       -0.00032       -0.00023        2.59635 )
           atom      9   Ti 
      Ex  (        7.31146       -0.41245        0.00184 )
      Ey  (        0.41242        7.31152       -0.00280 )
      Ez  (       -0.00338        0.00245        7.31593 )
           atom     10   Ti 
      Ex  (        7.31149        0.41242       -0.00280 )
      Ey  (       -0.41245        7.31149        0.00184 )
      Ez  (        0.00246       -0.00338        7.31593 )
           atom     11   Ti 
      Ex  (        7.31148       -0.41245        0.00183 )
      Ey  (        0.41242        7.31152       -0.00280 )
      Ez  (       -0.00338        0.00245        7.31594 )
           atom     12   Ti 
      Ex  (        7.31149        0.41242       -0.00280 )
      Ey  (       -0.41245        7.31149        0.00184 )
      Ez  (        0.00245       -0.00338        7.31594 )
           atom     13   Ti 
      Ex  (        7.31147       -0.41245        0.00183 )
      Ey  (        0.41242        7.31150       -0.00280 )
      Ez  (       -0.00338        0.00245        7.31593 )
           atom     14   Ti 
      Ex  (        7.31151        0.41242       -0.00280 )
      Ey  (       -0.41245        7.31148        0.00183 )
      Ez  (        0.00245       -0.00338        7.31593 )
           atom     15   Ti 
      Ex  (        7.31147       -0.41245        0.00184 )
      Ey  (        0.41242        7.31151       -0.00280 )
      Ez  (       -0.00338        0.00245        7.31590 )
           atom     16   Ti 
      Ex  (        7.31149        0.41242       -0.00280 )
      Ey  (       -0.41245        7.31148        0.00183 )
      Ez  (        0.00246       -0.00338        7.31591 )
           atom     17   O  
      Ex  (       -2.03208       -0.00067       -0.00009 )
      Ey  (       -0.00093       -5.74623        0.00027 )
      Ez  (        0.00007       -0.00019       -2.08693 )
           atom     18   O  
      Ex  (       -2.03289        0.00070        0.00139 )
      Ey  (        0.00095       -5.74469        0.00023 )
      Ez  (        0.00120       -0.00021       -2.08723 )
           atom     19   O  
      Ex  (       -5.74618       -0.00094        0.00026 )
      Ey  (       -0.00069       -2.03208       -0.00009 )
      Ez  (       -0.00019        0.00007       -2.08691 )
           atom     20   O  
      Ex  (       -5.74466        0.00096        0.00024 )
      Ey  (        0.00071       -2.03287        0.00139 )
      Ez  (       -0.00021        0.00120       -2.08721 )
           atom     21   O  
      Ex  (       -5.74465        0.00097        0.00024 )
      Ey  (        0.00071       -2.03288        0.00139 )
      Ez  (       -0.00020        0.00120       -2.08721 )
           atom     22   O  
      Ex  (       -5.74617       -0.00094        0.00026 )
      Ey  (       -0.00069       -2.03208       -0.00009 )
      Ez  (       -0.00019        0.00007       -2.08691 )
           atom     23   O  
      Ex  (       -2.03289        0.00070        0.00139 )
      Ey  (        0.00095       -5.74469        0.00024 )
      Ez  (        0.00120       -0.00020       -2.08723 )
           atom     24   O  
      Ex  (       -2.03208       -0.00068       -0.00009 )
      Ey  (       -0.00093       -5.74623        0.00026 )
      Ez  (        0.00007       -0.00020       -2.08693 )
           atom     25   O  
      Ex  (       -5.74619       -0.00095        0.00026 )
      Ey  (       -0.00069       -2.03208       -0.00009 )
      Ez  (       -0.00019        0.00007       -2.08692 )
           atom     26   O  
      Ex  (       -5.74467        0.00097        0.00024 )
      Ey  (        0.00071       -2.03287        0.00138 )
      Ez  (       -0.00021        0.00120       -2.08722 )
           atom     27   O  
      Ex  (       -5.74468        0.00097        0.00024 )
      Ey  (        0.00071       -2.03288        0.00139 )
      Ez  (       -0.00020        0.00120       -2.08722 )
           atom     28   O  
      Ex  (       -5.74620       -0.00094        0.00026 )
      Ey  (       -0.00069       -2.03208       -0.00009 )
      Ez  (       -0.00020        0.00007       -2.08692 )
           atom     29   O  
      Ex  (       -2.03208       -0.00068       -0.00009 )
      Ey  (       -0.00093       -5.74622        0.00026 )
      Ez  (        0.00007       -0.00020       -2.08692 )
           atom     30   O  
      Ex  (       -2.03289        0.00070        0.00138 )
      Ey  (        0.00095       -5.74468        0.00024 )
      Ez  (        0.00120       -0.00020       -2.08723 )
           atom     31   O  
      Ex  (       -2.03288        0.00070        0.00139 )
      Ey  (        0.00095       -5.74466        0.00024 )
      Ez  (        0.00120       -0.00021       -2.08722 )
           atom     32   O  
      Ex  (       -2.03208       -0.00067       -0.00009 )
      Ey  (       -0.00093       -5.74619        0.00026 )
      Ez  (        0.00007       -0.00019       -2.08692 )
           atom     33   O  
      Ex  (       -2.03251        0.00019       -0.00018 )
      Ey  (       -0.00017       -2.03254       -0.00012 )
      Ez  (        0.00016        0.00045       -5.73996 )
           atom     34   O  
      Ex  (       -2.03253       -0.00017       -0.00012 )
      Ey  (        0.00018       -2.03252       -0.00018 )
      Ez  (        0.00045        0.00016       -5.73996 )
           atom     35   O  
      Ex  (       -2.03252        0.00019       -0.00018 )
      Ey  (       -0.00017       -2.03254       -0.00012 )
      Ez  (        0.00016        0.00046       -5.73998 )
           atom     36   O  
      Ex  (       -2.03253       -0.00017       -0.00012 )
      Ey  (        0.00019       -2.03252       -0.00018 )
      Ez  (        0.00045        0.00016       -5.73998 )
           atom     37   O  
      Ex  (       -2.03251        0.00018       -0.00018 )
      Ey  (       -0.00018       -2.03253       -0.00011 )
      Ez  (        0.00016        0.00046       -5.73995 )
           atom     38   O  
      Ex  (       -2.03253       -0.00017       -0.00012 )
      Ey  (        0.00019       -2.03251       -0.00018 )
      Ez  (        0.00045        0.00016       -5.73996 )
           atom     39   O  
      Ex  (       -2.03250        0.00019       -0.00018 )
      Ey  (       -0.00017       -2.03252       -0.00012 )
      Ez  (        0.00016        0.00045       -5.73991 )
           atom     40   O  
      Ex  (       -2.03251       -0.00017       -0.00012 )
      Ey  (        0.00019       -2.03250       -0.00018 )
      Ez  (        0.00045        0.00016       -5.73991 )

     Raman tensor (A^2)

     atom #    1    pol.  1
     -0.230057478996E-01      0.292136110594E-02      0.357530020555E+00
      0.292136110594E-02     -0.476803218565E-02     -0.493859032805E-02
      0.357530020555E+00     -0.493859032805E-02     -0.163628999918E-01
     atom #    1    pol.  2
     -0.461677115319E-01     -0.393029286996E-02      0.138639238221E-02
     -0.393029286996E-02     -0.724447779848E-02     -0.372783466853E+00
      0.138639238221E-02     -0.372783466853E+00      0.234900454002E-01
     atom #    1    pol.  3
      0.314444094241E+01     -0.350582986101E-02     -0.965495858934E-02
     -0.350582986101E-02     -0.313881017539E+01      0.155284691560E-01
     -0.965495858934E-02      0.155284691560E-01      0.435691075286E-01
     atom #    2    pol.  1
      0.653376581000E-02     -0.327173658791E-02     -0.363990206568E+00
     -0.327173658791E-02      0.119445017974E-01      0.537000687198E-02
     -0.363990206568E+00      0.537000687198E-02      0.259819197750E-01
     atom #    2    pol.  2
      0.529340412469E-01      0.381341130814E-02     -0.181136007579E-02
      0.381341130814E-02     -0.813734385992E-02      0.366397384057E+00
     -0.181136007579E-02      0.366397384057E+00     -0.135898042431E-01
     atom #    2    pol.  3
     -0.316795138601E+01      0.333486754825E-02      0.108143500720E-01
      0.333486754825E-02      0.311572037069E+01     -0.149105582012E-01
      0.108143500720E-01     -0.149105582012E-01     -0.289922758991E-02
     atom #    3    pol.  1
     -0.231050717224E-01      0.292522910921E-02      0.357572672738E+00
      0.292522910921E-02     -0.478295607955E-02     -0.492069638282E-02
      0.357572672738E+00     -0.492069638282E-02     -0.164071553519E-01
     atom #    3    pol.  2
     -0.461693751158E-01     -0.391920382553E-02      0.137813796600E-02
     -0.391920382553E-02     -0.733442830901E-02     -0.372783816461E+00
      0.137813796600E-02     -0.372783816461E+00      0.234424816023E-01
     atom #    3    pol.  3
      0.314444909737E+01     -0.351678271208E-02     -0.964382235834E-02
     -0.351678271208E-02     -0.313882828965E+01      0.155188635705E-01
     -0.964382235834E-02      0.155188635705E-01      0.435635572898E-01
     atom #    4    pol.  1
      0.663383000908E-02     -0.327874374546E-02     -0.364027550911E+00
     -0.327874374546E-02      0.119478970100E-01      0.538910105305E-02
     -0.364027550911E+00      0.538910105305E-02      0.260173225129E-01
     atom #    4    pol.  2
      0.529247318923E-01      0.380740268608E-02     -0.182570644262E-02
      0.380740268608E-02     -0.801857357225E-02      0.366390107519E+00
     -0.182570644262E-02      0.366390107519E+00     -0.135730506157E-01
     atom #    4    pol.  3
     -0.316796488483E+01      0.332030314223E-02      0.108170314302E-01
      0.332030314223E-02      0.311572791426E+01     -0.149308606734E-01
      0.108170314302E-01     -0.149308606734E-01     -0.290542989837E-02
     atom #    5    pol.  1
      0.680769043232E-02     -0.327866282119E-02     -0.364019911481E+00
     -0.327866282119E-02      0.117471758966E-01      0.540750185267E-02
     -0.364019911481E+00      0.540750185267E-02      0.260847703133E-01
     atom #    5    pol.  2
      0.530907449312E-01      0.380013582482E-02     -0.182510561845E-02
      0.380013582482E-02     -0.831401118261E-02      0.366370198229E+00
     -0.182510561845E-02      0.366370198229E+00     -0.136279311946E-01
     atom #    5    pol.  3
     -0.316799541270E+01      0.331930802912E-02      0.107401213136E-01
      0.331930802912E-02      0.311579927669E+01     -0.148500822526E-01
      0.107401213136E-01     -0.148500822526E-01     -0.282619436873E-02
     atom #    6    pol.  1
     -0.229596062889E-01      0.288526797695E-02      0.357588753841E+00
      0.288526797695E-02     -0.497094762155E-02     -0.493403965710E-02
      0.357588753841E+00     -0.493403965710E-02     -0.163504490785E-01
     atom #    6    pol.  2
     -0.460075850857E-01     -0.389731961925E-02      0.140902394924E-02
     -0.389731961925E-02     -0.738704777780E-02     -0.372780985404E+00
      0.140902394924E-02     -0.372780985404E+00      0.234361901756E-01
     atom #    6    pol.  3
      0.314461871861E+01     -0.348787070488E-02     -0.965628360778E-02
     -0.348787070488E-02     -0.313903134849E+01      0.155440889316E-01
     -0.965628360778E-02      0.155440889316E-01      0.435073553925E-01
     atom #    7    pol.  1
      0.672074141767E-02     -0.328171040116E-02     -0.363984066240E+00
     -0.328171040116E-02      0.117268430351E-01      0.542238651801E-02
     -0.363984066240E+00      0.542238651801E-02      0.260135442514E-01
     atom #    7    pol.  2
      0.530790167183E-01      0.379515867549E-02     -0.182372922102E-02
      0.379515867549E-02     -0.819634609087E-02      0.366362636605E+00
     -0.182372922102E-02      0.366362636605E+00     -0.136211154444E-01
     atom #    7    pol.  3
     -0.316800001082E+01      0.331132429452E-02      0.107376437908E-01
      0.331132429452E-02      0.311580973865E+01     -0.148692936485E-01
      0.107376437908E-01     -0.148692936485E-01     -0.283170653493E-02
     atom #    8    pol.  1
     -0.228588042530E-01      0.288731112929E-02      0.357554665787E+00
      0.288731112929E-02     -0.497207637536E-02     -0.491772600207E-02
      0.357554665787E+00     -0.491772600207E-02     -0.163129398633E-01
     atom #    8    pol.  2
     -0.460157309051E-01     -0.389300227509E-02      0.140957832655E-02
     -0.389300227509E-02     -0.747887041630E-02     -0.372787034455E+00
      0.140957832655E-02     -0.372787034455E+00      0.233817286530E-01
     atom #    8    pol.  3
      0.314461557528E+01     -0.349400820643E-02     -0.966049995018E-02
     -0.349400820643E-02     -0.313904123841E+01      0.155302320008E-01
     -0.966049995018E-02      0.155302320008E-01      0.435052574034E-01
     atom #    9    pol.  1
      0.234706689799E+00      0.301734413982E-01     -0.101328325180E+00
      0.301734413982E-01      0.120016422103E+00     -0.527424411129E-02
     -0.101328325180E+00     -0.527424411129E-02      0.929566515172E-01
     atom #    9    pol.  2
      0.605908920654E-01      0.396098512507E-01      0.940280071005E-02
      0.396098512507E-01      0.228981699415E+00     -0.101832168884E+00
      0.940280071005E-02     -0.101832168884E+00      0.799955422910E-01
     atom #    9    pol.  3
     -0.226137875773E+00     -0.349147560191E-03      0.368875217241E-01
     -0.349147560191E-03     -0.222321663947E+00      0.329595324733E-01
      0.368875217241E-01      0.329595324733E-01     -0.634001795640E+00
     atom #   10    pol.  1
      0.231890294013E+00      0.388830217850E-01     -0.945711561632E-01
      0.388830217850E-01      0.596411160006E-01      0.622352944294E-02
     -0.945711561632E-01      0.622352944294E-02      0.763534424339E-01
     atom #   10    pol.  2
      0.110903039463E+00      0.310405625549E-01     -0.837793855453E-02
      0.310405625549E-01      0.234983568076E+00     -0.104155374017E+00
     -0.837793855453E-02     -0.104155374017E+00      0.875678160862E-01
     atom #   10    pol.  3
     -0.222694542592E+00     -0.543624110379E-03      0.324697552808E-01
     -0.543624110379E-03     -0.228927370489E+00      0.407514916863E-01
      0.324697552808E-01      0.407514916863E-01     -0.638287224670E+00
     atom #   11    pol.  1
      0.235568827143E+00      0.301563912694E-01     -0.100789228946E+00
      0.301563912694E-01      0.120491912158E+00     -0.524106656920E-02
     -0.100789228946E+00     -0.524106656920E-02      0.934642222043E-01
     atom #   11    pol.  2
      0.602559165571E-01      0.396178541604E-01      0.936360913905E-02
      0.396178541604E-01      0.229244155993E+00     -0.101755567090E+00
      0.936360913905E-02     -0.101755567090E+00      0.797135873355E-01
     atom #   11    pol.  3
     -0.225197318211E+00     -0.246463584345E-03      0.373033253622E-01
     -0.246463584345E-03     -0.221475766298E+00      0.329569342088E-01
      0.373033253622E-01      0.329569342088E-01     -0.631363639748E+00
     atom #   12    pol.  1
      0.233344038681E+00      0.387886917341E-01     -0.941050980954E-01
      0.387886917341E-01      0.601625513229E-01      0.623652421169E-02
     -0.941050980954E-01      0.623652421169E-02      0.770051676361E-01
     atom #   12    pol.  2
      0.110963357591E+00      0.311039847997E-01     -0.836610222327E-02
      0.311039847997E-01      0.235225405841E+00     -0.104001992939E+00
     -0.836610222327E-02     -0.104001992939E+00      0.876824870190E-01
     atom #   12    pol.  3
     -0.221553993530E+00     -0.495856447588E-03      0.328121238348E-01
     -0.495856447588E-03     -0.228110654082E+00      0.408353003603E-01
      0.328121238348E-01      0.408353003603E-01     -0.635642791382E+00
     atom #   13    pol.  1
      0.235779226324E+00      0.301589188224E-01     -0.100904160572E+00
      0.301589188224E-01      0.120342121539E+00     -0.527939597865E-02
     -0.100904160572E+00     -0.527939597865E-02      0.934431594245E-01
     atom #   13    pol.  2
      0.603354283037E-01      0.395834866700E-01      0.937546133550E-02
      0.395834866700E-01      0.228557004941E+00     -0.101889550799E+00
      0.937546133550E-02     -0.101889550799E+00      0.797857561677E-01
     atom #   13    pol.  3
     -0.225464492220E+00     -0.371320208082E-03      0.371557755974E-01
     -0.371320208082E-03     -0.221908880147E+00      0.328709180213E-01
      0.371557755974E-01      0.328709180213E-01     -0.632473444102E+00
     atom #   14    pol.  1
      0.233307314059E+00      0.389437364060E-01     -0.941627741548E-01
      0.389437364060E-01      0.601140071258E-01      0.623134058386E-02
     -0.941627741548E-01      0.623134058386E-02      0.769988197010E-01
     atom #   14    pol.  2
      0.111005748447E+00      0.310477684626E-01     -0.835648979259E-02
      0.310477684626E-01      0.234881166604E+00     -0.104219040464E+00
     -0.835648979259E-02     -0.104219040464E+00      0.875762272926E-01
     atom #   14    pol.  3
     -0.222021817810E+00     -0.529813260260E-03      0.327687621505E-01
     -0.529813260260E-03     -0.228477304525E+00      0.406751511461E-01
      0.327687621505E-01      0.406751511461E-01     -0.636765784033E+00
     atom #   15    pol.  1
      0.234225341467E+00      0.301956675665E-01     -0.101286364396E+00
      0.301956675665E-01      0.120006390446E+00     -0.525548371198E-02
     -0.101286364396E+00     -0.525548371198E-02      0.928280798206E-01
     atom #   15    pol.  2
      0.603825747480E-01      0.395999390413E-01      0.939492429405E-02
      0.395999390413E-01      0.229192046804E+00     -0.102022457580E+00
      0.939492429405E-02     -0.102022457580E+00      0.796750045700E-01
     atom #   15    pol.  3
     -0.226438009768E+00     -0.240399777710E-03      0.369749727923E-01
     -0.240399777710E-03     -0.222571659107E+00      0.328974163953E-01
      0.369749727923E-01      0.328974163953E-01     -0.634542028293E+00
     atom #   16    pol.  1
      0.232287896255E+00      0.387490064915E-01     -0.945887510482E-01
      0.387490064915E-01      0.598665307410E-01      0.624295577061E-02
     -0.945887510482E-01      0.624295577061E-02      0.764556814455E-01
     atom #   16    pol.  2
      0.110708408462E+00      0.311302198174E-01     -0.838702601375E-02
      0.311302198174E-01      0.234843953062E+00     -0.104276395237E+00
     -0.838702601375E-02     -0.104276395237E+00      0.874157181417E-01
     atom #   16    pol.  3
     -0.222794522287E+00     -0.491920720619E-03      0.325425798519E-01
     -0.491920720619E-03     -0.229231326202E+00      0.407554446523E-01
      0.325425798519E-01      0.407554446523E-01     -0.638845233263E+00
     atom #   17    pol.  1
     -0.256628892598E+01     -0.176660895679E-01      0.203972336233E-01
     -0.176660895679E-01      0.271506903677E+01     -0.595852031680E-02
      0.203972336233E-01     -0.595852031680E-02     -0.175413402265E+01
     atom #   17    pol.  2
     -0.909297358865E-01      0.353865872988E+01     -0.220593261997E-01
      0.353865872988E+01     -0.175843519338E+00      0.730722846189E-01
     -0.220593261997E-01      0.730722846189E-01     -0.309291929059E-01
     atom #   17    pol.  3
      0.355984321949E-02     -0.131959880199E-02     -0.818998775169E+00
     -0.131959880199E-02      0.494696781897E-01     -0.470318376595E-01
     -0.818998775169E+00     -0.470318376595E-01      0.111401146826E+00
     atom #   18    pol.  1
      0.251070161935E+01     -0.117699016152E-01     -0.269274930613E-01
     -0.117699016152E-01     -0.275950168426E+01      0.162933742369E-02
     -0.269274930613E-01      0.162933742369E-02      0.175608122498E+01
     atom #   18    pol.  2
     -0.572190941287E-01     -0.358179213729E+01      0.217513445190E-01
     -0.358179213729E+01     -0.132513168961E+00      0.484647468855E-01
      0.217513445190E-01      0.484647468855E-01     -0.111083522309E+00
     atom #   18    pol.  3
     -0.117093007213E-01      0.243368942987E-02      0.820636338302E+00
      0.243368942987E-02      0.661675953105E-01      0.147013282044E-01
      0.820636338302E+00      0.147013282044E-01      0.533099352211E-01
     atom #   19    pol.  1
     -0.148988759842E+00      0.353657018336E+01      0.411915856952E-01
      0.353657018336E+01     -0.889402878274E-01      0.350496966039E-02
      0.411915856952E-01      0.350496966039E-02     -0.704868728464E-01
     atom #   19    pol.  2
      0.272016466073E+01     -0.588712780885E-02      0.916776369043E-03
     -0.588712780885E-02     -0.250548792337E+01     -0.140166679678E-01
      0.916776369043E-03     -0.140166679678E-01     -0.177539254100E+01
     atom #   19    pol.  3
      0.434527940379E-01      0.110039423052E-02     -0.133460272208E-01
      0.110039423052E-02      0.277615087987E-01     -0.809093130583E+00
     -0.133460272208E-01     -0.809093130583E+00      0.645821096666E-01
     atom #   20    pol.  1
     -0.158294262285E+00     -0.357551302563E+01      0.710311800761E-01
     -0.357551302563E+01     -0.616662161960E-01     -0.279917324671E-02
      0.710311800761E-01     -0.279917324671E-02     -0.713174346239E-01
     atom #   20    pol.  2
     -0.276318039825E+01     -0.228669508261E-01     -0.245681910836E-02
     -0.228669508261E-01      0.245040040540E+01      0.910990366045E-02
     -0.245681910836E-02      0.910990366045E-02      0.178021199627E+01
     atom #   20    pol.  3
      0.712053468255E-01     -0.740209261007E-03     -0.188044690962E-01
     -0.740209261007E-03     -0.364730152763E-01      0.810833488264E+00
     -0.188044690962E-01      0.810833488264E+00      0.969507542843E-01
     atom #   21    pol.  1
     -0.158247713495E+00     -0.357540734697E+01      0.710248177981E-01
     -0.357540734697E+01     -0.622647799289E-01     -0.271927486935E-02
      0.710248177981E-01     -0.271927486935E-02     -0.717084903750E-01
     atom #   21    pol.  2
     -0.276196201648E+01     -0.225447341030E-01     -0.228123313793E-02
     -0.225447341030E-01      0.244945611816E+01      0.888865749918E-02
     -0.228123313793E-02      0.888865749918E-02      0.178061868494E+01
     atom #   21    pol.  3
      0.713371193413E-01     -0.460922842845E-03     -0.186587993095E-01
     -0.460922842845E-03     -0.364003053051E-01      0.811074362297E+00
     -0.186587993095E-01      0.811074362297E+00      0.969975554621E-01
     atom #   22    pol.  1
     -0.149100827953E+00      0.353661722637E+01      0.412664006214E-01
      0.353661722637E+01     -0.887268706102E-01      0.339999069337E-02
      0.412664006214E-01      0.339999069337E-02     -0.703612723162E-01
     atom #   22    pol.  2
      0.271987378749E+01     -0.588793551097E-02      0.734262048767E-03
     -0.588793551097E-02     -0.250500492582E+01     -0.138452339875E-01
      0.734262048767E-03     -0.138452339875E-01     -0.177512580062E+01
     atom #   22    pol.  3
      0.432554900898E-01      0.859044839884E-03     -0.137406337540E-01
      0.859044839884E-03      0.277041588325E-01     -0.809245266687E+00
     -0.137406337540E-01     -0.809245266687E+00      0.646928824299E-01
     atom #   23    pol.  1
      0.251116604171E+01     -0.117016932394E-01     -0.267544252552E-01
     -0.117016932394E-01     -0.275982199376E+01      0.148051891197E-02
     -0.267544252552E-01      0.148051891197E-02      0.175632061759E+01
     atom #   23    pol.  2
     -0.572203784750E-01     -0.358162486211E+01      0.217095503266E-01
     -0.358162486211E+01     -0.133081489542E+00      0.485191384247E-01
      0.217095503266E-01      0.485191384247E-01     -0.111024881175E+00
     atom #   23    pol.  3
     -0.118232038954E-01      0.213734979625E-02      0.820470417684E+00
      0.213734979625E-02      0.659481915934E-01      0.142683114387E-01
      0.820470417684E+00      0.142683114387E-01      0.534180605898E-01
     atom #   24    pol.  1
     -0.256726480468E+01     -0.173158255592E-01      0.202004267859E-01
     -0.173158255592E-01      0.271644544752E+01     -0.577922097507E-02
